## TOP ## os1-122024000052.local ##
get_sensor_info
{"prod_line": "OS-1-64", "prod_pn": "840-101855-02", "prod_sn": "122024000052", "base_pn": "000-101323-03", "base_sn": "101937001243", "image_rev": "ousteros-image-prod-aries-v2.0.0+20201124065024", "build_rev": "v2.0.0", "proto_rev": "v1.1.1", "build_date": "2020-11-24T06:51:26Z", "status": "RUNNING"}

get_beam_intrinsics
{"beam_altitude_angles": [16.352001, 15.772, 15.218999, 14.684999, 14.191001, 13.622, 13.079, 12.564, 12.071999, 11.518, 10.984, 10.467999, 9.9820013, 9.4350004, 8.8959999, 8.3799992, 7.9029999, 7.368, 6.8449998, 6.3119998, 5.8400006, 5.3060002, 4.7710004, 4.2509999, 3.7790003, 3.24, 2.714, 2.1889999, 1.7170001, 1.1869999, 0.64999992, 0.125, -0.347, -0.87400001, -1.405, -1.9360001, -2.4060001, -2.937, -3.4660001, -4.0019999, -4.4720001, -4.9989996, -5.5300002, -6.066, -6.5380001, -7.0630002, -7.5970001, -8.1440001, -8.612000500000001, -9.1370001, -9.671999899999999, -10.218, -10.695, -11.215, -11.757, -12.316, -12.791, -13.320999, -13.86, -14.422999, -14.925, -15.458, -16.011, -16.598], "beam_azimuth_angles": [3.0569999, 0.921, -1.188, -3.313, 3.0510001, 0.92799991, -1.152, -3.256, 3.0439999, 0.95300001, -1.1310002, -3.204, 3.0420001, 0.95399988, -1.105, -3.1680002, 3.0439999, 0.986, -1.082, -3.135, 3.0469999, 0.99499995, -1.064, -3.1059999, 3.0710001, 1.013, -1.0360001, -3.0820003, 3.0799999, 1.031, -1.016, -3.076, 3.1029997, 1.048, -1.008, -3.062, 3.1140001, 1.066, -0.99499995, -3.0549998, 3.1340001, 1.0760001, -0.98000002, -3.052, 3.1559999, 1.099, -0.972, -3.0309999, 3.175, 1.11, -0.95899999, -3.0339999, 3.204, 1.132, -0.96399999, -3.0650001, 3.2440002, 1.14, -0.96300012, -3.066, 3.2820003, 1.169, -0.97100008, -3.108], "lidar_origin_to_beam_origin_mm": 12.163}

get_lidar_intrinsics
{"lidar_to_sensor_transform": [-1, 0, 0, 0, 0, -1, 0, 0, 0, 0, 1, 36.18, 0, 0, 0, 1]}

which mode: uniform

## Left ## os1-122016000062.local ##
get_sensor_info
{"prod_line": "OS-1-64", "prod_pn": "840-101855-02", "prod_sn": "122016000062", "base_pn": "000-101323-03", "base_sn": "101937001271", "image_rev": "ousteros-image-prod-aries-v2.0.0+20201124065024", "build_rev": "v2.0.0", "proto_rev": "v1.1.1", "build_date": "2020-11-24T06:51:26Z", "status": "RUNNING"}

get_beam_intrinsics
{"beam_altitude_angles": [15.91, 15.32, 14.76, 14.22, 13.74, 13.17, 12.61, 12.09, 11.62, 11.05, 10.51, 9.970000000000001, 9.52, 8.949999999999999, 8.41, 7.88, 7.42, 6.87, 6.33, 5.78, 5.34, 4.79, 4.25, 3.71, 3.26, 2.71, 2.17, 1.63, 1.18, 0.64, 0.08, -0.45, -0.9, -1.45, -1.98, -2.53, -2.99, -3.53, -4.07, -4.62, -5.07, -5.61, -6.15, -6.71, -7.16, -7.7, -8.24, -8.789999999999999, -9.25, -9.789999999999999, -10.34, -10.89, -11.36, -11.89, -12.45, -13.01, -13.48, -14.02, -14.58, -15.17, -15.65, -16.19, -16.76, -17.37], "beam_azimuth_angles": [3.03, 0.88, -1.25, -3.37, 3.03, 0.9, -1.22, -3.32, 3.03, 0.93, -1.17, -3.27, 3.03, 0.9399999999999999, -1.14, -3.22, 3.05, 0.96, -1.12, -3.19, 3.06, 0.99, -1.09, -3.16, 3.07, 1, -1.06, -3.13, 3.11, 1.03, -1.04, -3.11, 3.12, 1.04, -1.03, -3.09, 3.15, 1.07, -1, -3.08, 3.16, 1.1, -0.99, -3.06, 3.2, 1.12, -0.96, -3.06, 3.24, 1.15, -0.95, -3.07, 3.27, 1.17, -0.9399999999999999, -3.07, 3.31, 1.2, -0.93, -3.08, 3.37, 1.23, -0.93, -3.1], "lidar_origin_to_beam_origin_mm": 12.163}

get_lidar_intrinsics
{"lidar_to_sensor_transform": [-1, 0, 0, 0, 0, -1, 0, 0, 0, 0, 1, 36.18, 0, 0, 0, 1]}


## Right ## os1-122035000199.local ##
get_sensor_info
{"prod_line": "OS-1-64", "prod_pn": "840-101855-02", "prod_sn": "122035000199", "base_pn": "000-101323-03", "base_sn": "101941001391", "image_rev": "ousteros-image-prod-aries-v2.0.0+20201124065024", "build_rev": "v2.0.0", "proto_rev": "v1.1.1", "build_date": "2020-11-24T06:51:26Z", "status": "RUNNING"}

get_beam_intrinsics
{"beam_altitude_angles": [17.04, 16.44, 15.87, 15.34, 14.83, 14.26, 13.71, 13.18, 12.68, 12.12, 11.58, 11.06, 10.56, 10.01, 9.470000000000001, 8.94, 8.460000000000001, 7.92, 7.38, 6.85, 6.37, 5.84, 5.3, 4.77, 4.28, 3.76, 3.22, 2.69, 2.2, 1.67, 1.14, 0.61, 0.12, -0.41, -0.95, -1.48, -1.96, -2.5, -3.03, -3.56, -4.05, -4.58, -5.11, -5.65, -6.14, -6.67, -7.2, -7.74, -8.24, -8.76, -9.289999999999999, -9.85, -10.34, -10.86, -11.4, -11.95, -12.45, -12.99, -13.52, -14.09, -14.6, -15.14, -15.69, -16.27], "beam_azimuth_angles": [3.17, 0.99, -1.15, -3.3, 3.14, 0.99, -1.13, -3.25, 3.12, 1.01, -1.11, -3.2, 3.11, 1, -1.08, -3.17, 3.11, 1.02, -1.06, -3.15, 3.11, 1.03, -1.05, -3.12, 3.12, 1.04, -1.04, -3.11, 3.12, 1.05, -1.02, -3.1, 3.14, 1.06, -1.02, -3.09, 3.15, 1.07, -1, -3.08, 3.16, 1.08, -0.99, -3.09, 3.17, 1.1, -0.99, -3.09, 3.2, 1.1, -0.99, -3.09, 3.22, 1.12, -0.98, -3.11, 3.25, 1.13, -0.98, -3.11, 3.28, 1.15, -1, -3.15], "lidar_origin_to_beam_origin_mm": 12.163}

get_lidar_intrinsics
{"lidar_to_sensor_transform": [-1, 0, 0, 0, 0, -1, 0, 0, 0, 0, 1, 36.18, 0, 0, 0, 1]}

